%% Centroid32.mat

recall_F =

    0.4505
    0.5521
    0.2016
    0.3111

>> precision_F

precision_F =

    0.5274
    0.6319
    0.2388
    0.2404


%% Centroid64.mat

>> recall_F

recall_F =

    0.5107
    0.7674
    0.4425
    0.4319

>> precision_F

precision_F =

    0.5990
    0.7352
    0.3619
    0.4262

%% Centroid128.mat


recall_F =

    0.6452
    0.7002
    0.4873
    0.3659

>> precision_F

precision_F =

    0.5681
    0.8054
    0.5127
    0.3836